Color 1: (0,0,0), (0,0,1), (0,0,3)
Color 2: (0,0,2), (0,1,0), (0,3,0), (1,0,0), (3,0,2)
Color 3: (0,2,0), (0,1,1), (0,3,3), (3,0,0), (3,0,3)
Color 4: (0,2,2), (0,1,2), (0,3,1), (2,0,0), (2,2,2)
Color 5: (0,2,3), (0,1,3), (0,3,2), (2,0,1), (3,3,1)
Color 6: (0,2,1), (1,1,0), (2,3,0), (3,1,3), (3,1,1)
Color 7: (1,0,1), (3,3,0), (1,1,2), (3,3,2), (3,2,0)
Color 8: (3,0,1), (2,2,0), (1,2,3), (1,3,1), (2,1,3)
Color 9: (1,1,1), (3,3,3), (1,1,3), (2,3,2), (1,3,2)
Color 10: (2,0,3), (1,0,3), (2,2,3), (2,2,1), (1,2,2)
Color 11: (2,0,2), (3,1,0), (2,3,1), (2,1,2), (3,2,2)
Color 12: (1,0,2), (1,2,0), (1,2,1), (2,3,3), (3,2,3)
Color 13: (3,1,2), (1,3,0), (2,1,0), (2,1,1)
Color 14: (3,2,1), (1,3,3)
Color 15: 
